2 0.935898 0.195181 0.127434 0.176059
0 0.051919 0.473980 0.103732 0.411902
0 0.305171 0.542093 0.145508 0.437563
0 0.454536 0.650173 0.176282 0.519360
2 0.127309 0.237868 0.254618 0.156420
0 0.829824 0.486118 0.098367 0.402092
2 0.496341 0.196378 0.187878 0.120138
0 0.214947 0.507766 0.120894 0.433581
2 0.368567 0.214904 0.304986 0.132608
0 0.932539 0.353430 0.093873 0.256292
0 0.632033 0.409538 0.085353 0.334129
0 0.587844 0.345911 0.059492 0.245564
0 0.146491 0.421431 0.059144 0.302711
5 0.797500 0.078339 0.126604 0.102718
26 0.650663 0.497764 0.045725 0.079088
26 0.516551 0.680315 0.056848 0.237449
7 0.070712 0.092458 0.140787 0.179982
2 0.020089 0.188672 0.039866 0.061690
0 0.242709 0.442825 0.053857 0.326422
26 0.179628 0.489738 0.046010 0.088304
26 0.514701 0.642934 0.040388 0.145886
26 0.600077 0.406156 0.033855 0.051697
26 0.781189 0.469885 0.038195 0.099891
0 0.689284 0.340817 0.045735 0.224836
0 0.416073 0.492564 0.098215 0.336617
0 0.715890 0.390808 0.067317 0.291096
0 0.310532 0.325574 0.066773 0.192744
7 0.660719 0.109216 0.155894 0.091837
0 0.768139 0.434418 0.064681 0.322916
26 0.062677 0.396157 0.041577 0.082580
26 0.359409 0.592854 0.039442 0.084736
0 0.109535 0.345358 0.043460 0.224146
