2 0.906356 0.481474 0.173056 0.093729
2 0.553500 0.470721 0.154670 0.085106
2 0.444940 0.472857 0.084257 0.061411
2 0.803068 0.474210 0.089022 0.056300
2 0.066905 0.482801 0.101191 0.070016
0 0.518230 0.515312 0.046038 0.140858
2 0.338890 0.475045 0.103820 0.083776
0 0.275061 0.510593 0.025644 0.130709
2 0.973022 0.497316 0.050774 0.091835
0 0.126294 0.484452 0.021785 0.086660
0 0.143009 0.485386 0.020032 0.084893
0 0.478343 0.545082 0.033380 0.080941
9 0.987748 0.293418 0.022847 0.075883
9 0.827213 0.027728 0.072805 0.053541
9 0.916267 0.306710 0.032815 0.031113
11 0.134538 0.294627 0.029477 0.054533
9 0.156473 0.384695 0.010322 0.042467
3 0.472346 0.565257 0.038472 0.043741
9 0.807984 0.031248 0.034139 0.048857
