2 0.147964 0.754588 0.294807 0.180449
2 0.045677 0.642775 0.090711 0.104117
0 0.563189 0.439294 0.045595 0.083588
0 0.402376 0.347478 0.045888 0.086147
0 0.438142 0.406928 0.065074 0.102729
0 0.509864 0.465701 0.054116 0.084733
0 0.492515 0.340061 0.053302 0.089979
0 0.595691 0.521672 0.076127 0.080430
0 0.701639 0.529357 0.049040 0.082234
0 0.385917 0.430519 0.053208 0.094886
0 0.598166 0.331988 0.050036 0.085299
0 0.392422 0.232848 0.047873 0.081595
0 0.652929 0.492022 0.043323 0.087669
0 0.622930 0.444938 0.042442 0.082855
0 0.555468 0.355732 0.046457 0.090249
0 0.343448 0.285398 0.043462 0.062813
0 0.378037 0.427208 0.035447 0.086819
