0 0.642582 0.471416 0.048907 0.184115
0 0.724013 0.484146 0.035754 0.167382
0 0.591513 0.477567 0.042345 0.183603
0 0.550674 0.472441 0.046064 0.202713
0 0.345309 0.459170 0.031913 0.116539
0 0.411745 0.464608 0.032438 0.136769
0 0.300354 0.463291 0.023485 0.098362
0 0.276922 0.464456 0.027394 0.100314
0 0.384270 0.455855 0.029341 0.113539
0 0.196688 0.452575 0.023246 0.103668
0 0.133654 0.455603 0.016802 0.079549
0 0.081384 0.451488 0.014086 0.077624
9 0.317691 0.122961 0.025198 0.080039
0 0.321127 0.454013 0.019736 0.096958
26 0.655364 0.449838 0.023548 0.097563
0 0.508341 0.456408 0.020613 0.152259
0 0.523486 0.459248 0.022305 0.134577
9 0.983907 0.189569 0.031329 0.175962
9 0.423717 0.348614 0.018237 0.054443
0 0.191920 0.453571 0.030345 0.102743
26 0.728219 0.457173 0.024317 0.065557
0 0.478347 0.463051 0.017202 0.141213
