0 0.870837 0.498973 0.142883 0.220336
0 0.329899 0.523274 0.126758 0.206765
0 0.686863 0.498993 0.071974 0.199602
0 0.197989 0.513090 0.159478 0.225599
0 0.479351 0.518053 0.118056 0.224906
0 0.064079 0.497161 0.093478 0.192505
7 0.435521 0.442148 0.217208 0.156301
5 0.186555 0.388525 0.198392 0.084050
5 0.816216 0.441624 0.352961 0.250722
0 0.741930 0.494243 0.066649 0.146343
2 0.524480 0.483492 0.191501 0.120993
2 0.262235 0.496220 0.104549 0.136517
2 0.564514 0.483805 0.109259 0.119181
0 0.129066 0.504847 0.066020 0.198188
0 0.142850 0.513955 0.086466 0.217687
2 0.434043 0.444681 0.218552 0.161215
0 0.011970 0.508499 0.023736 0.127293
24 0.823510 0.452209 0.045386 0.056443
3 0.803606 0.513102 0.062361 0.089562
