10 0.646956 0.709936 0.061712 0.291591
0 0.141341 0.666207 0.156316 0.658558
0 0.545084 0.521279 0.093471 0.408342
0 0.374158 0.573588 0.063012 0.356602
0 0.453463 0.554506 0.060965 0.382553
0 0.031972 0.581231 0.055854 0.386858
0 0.945529 0.472991 0.020061 0.140461
0 0.607477 0.512186 0.032585 0.209266
0 0.413347 0.528971 0.039097 0.304752
0 0.988866 0.549566 0.021544 0.397194
2 0.834400 0.485980 0.091718 0.115250
0 0.324296 0.534730 0.045698 0.282564
9 0.834355 0.064506 0.028390 0.121261
0 0.495937 0.503112 0.035589 0.284130
0 0.677090 0.506803 0.026925 0.203664
9 0.333379 0.118603 0.021349 0.114983
0 0.010180 0.563716 0.020131 0.336459
0 0.970353 0.504537 0.028574 0.204036
26 0.128891 0.552697 0.083125 0.243249
0 0.736188 0.486218 0.028303 0.136566
0 0.281636 0.517592 0.040762 0.218927
2 0.889558 0.471017 0.044342 0.105558
9 0.333393 0.098029 0.022491 0.158850
0 0.222473 0.560130 0.046437 0.315775
0 0.763137 0.474286 0.014746 0.103739
