0 0.680033 0.770859 0.211471 0.345275
2 0.076221 0.557666 0.110450 0.061165
28 0.950781 0.677576 0.062345 0.078965
0 0.210911 0.637291 0.072978 0.147378
0 0.394391 0.638744 0.073503 0.156191
0 0.518525 0.646057 0.090372 0.152189
0 0.841073 0.640271 0.066616 0.143975
0 0.458414 0.637230 0.063351 0.149961
2 0.113375 0.536586 0.082836 0.061706
9 0.005160 0.339710 0.010319 0.020883
0 0.935569 0.644264 0.076705 0.134778
0 0.282419 0.615714 0.057761 0.149529
2 0.040809 0.518518 0.059961 0.038922
25 0.501410 0.558037 0.092824 0.030396
0 0.016052 0.581182 0.032103 0.082278
0 0.876853 0.617724 0.039217 0.125527
0 0.284707 0.601214 0.056627 0.106772
