2 0.390997 0.198220 0.204917 0.171377
2 0.634561 0.077593 0.170315 0.139111
2 0.771106 0.220718 0.111759 0.183537
2 0.100091 0.465460 0.200114 0.253899
2 0.946533 0.137330 0.106250 0.165366
0 0.334290 0.825188 0.084841 0.222366
0 0.545565 0.385062 0.044441 0.195116
2 0.178917 0.265105 0.237801 0.175931
0 0.392836 0.540781 0.072707 0.202498
0 0.491162 0.629976 0.047491 0.186347
0 0.561889 0.640879 0.044783 0.219706
0 0.347790 0.467935 0.047797 0.197617
2 0.833291 0.040872 0.110989 0.081743
0 0.593286 0.385301 0.048227 0.175651
0 0.568147 0.221241 0.032644 0.139993
0 0.443436 0.081924 0.032808 0.094775
0 0.488312 0.105164 0.027829 0.105811
0 0.115142 0.087530 0.024194 0.105516
0 0.516977 0.092614 0.028262 0.117486
2 0.022249 0.341458 0.044219 0.084900
0 0.096512 0.068753 0.016564 0.077536
0 0.148893 0.164326 0.032858 0.077240
0 0.341713 0.132410 0.018953 0.057224
0 0.048784 0.450720 0.051205 0.063441
