2 0.850756 0.488880 0.132706 0.131756
0 0.454122 0.484655 0.037086 0.165394
0 0.421304 0.505108 0.033686 0.175121
0 0.201871 0.454774 0.026394 0.105620
0 0.520244 0.558210 0.041655 0.126511
0 0.142155 0.432981 0.024063 0.094436
0 0.688770 0.409750 0.025822 0.121220
0 0.735771 0.395864 0.024895 0.101138
0 0.374801 0.474709 0.026723 0.122873
0 0.481673 0.479348 0.027087 0.138824
0 0.771032 0.401152 0.028477 0.079158
0 0.910401 0.372547 0.017768 0.072492
0 0.665547 0.404567 0.025952 0.101573
0 0.340905 0.488046 0.023785 0.107978
0 0.719305 0.397507 0.022585 0.091616
0 0.821099 0.387339 0.015945 0.069322
0 0.869413 0.383051 0.020339 0.074482
0 0.788163 0.378190 0.023302 0.097508
25 0.347260 0.415372 0.039651 0.036662
3 0.512214 0.588828 0.062739 0.076978
0 0.182154 0.436176 0.026846 0.108544
0 0.840244 0.380965 0.017812 0.079046
