0 0.817984 0.515282 0.105463 0.336636
0 0.686354 0.525679 0.098823 0.292858
2 0.939605 0.808859 0.119870 0.363929
2 0.130819 0.452009 0.034726 0.064781
2 0.106886 0.449940 0.029364 0.058318
0 0.628150 0.553505 0.126250 0.417103
2 0.180334 0.450932 0.074527 0.081839
0 0.388674 0.439041 0.023748 0.108301
9 0.108644 0.158433 0.030828 0.086768
2 0.008087 0.444566 0.016173 0.033325
0 0.567554 0.487794 0.051746 0.254823
2 0.078004 0.449390 0.034247 0.044479
2 0.071257 0.448092 0.034830 0.043126
24 0.841741 0.446539 0.040650 0.110042
24 0.639712 0.466423 0.033274 0.115768
0 0.309811 0.442300 0.018913 0.082226
2 0.045879 0.445388 0.020786 0.035828
2 0.062756 0.446472 0.020446 0.041195
2 0.097201 0.449781 0.019773 0.052249
24 0.636095 0.463740 0.022632 0.105025
2 0.101912 0.449521 0.020714 0.054396
