2 0.151486 0.793243 0.301647 0.396944
2 0.798808 0.729698 0.399598 0.520034
2 0.343924 0.685016 0.084626 0.117893
9 0.771628 0.252879 0.036206 0.118326
9 0.671948 0.047006 0.074627 0.094012
9 0.860032 0.372956 0.022948 0.078779
2 0.220180 0.736888 0.146778 0.247656
9 0.412131 0.022799 0.054648 0.045598
9 0.626979 0.424654 0.016859 0.048714
2 0.494676 0.641061 0.103231 0.062754
2 0.594090 0.586061 0.039055 0.053751
2 0.534213 0.586922 0.037329 0.046069
2 0.594618 0.803672 0.133353 0.378598
2 0.456293 0.621105 0.058110 0.074997
2 0.652439 0.590243 0.042635 0.054635
5 0.360737 0.582872 0.047599 0.081149
9 0.736902 0.432124 0.018452 0.048450
2 0.257580 0.642257 0.102378 0.075053
2 0.400795 0.625436 0.051335 0.066968
5 0.315269 0.592248 0.061327 0.086484
9 0.342882 0.397505 0.021648 0.063375
9 0.216936 0.506251 0.011415 0.048595
9 0.595225 0.374545 0.040399 0.077853
2 0.649709 0.598548 0.045495 0.069310
2 0.277921 0.645354 0.062482 0.066452
9 0.540127 0.450429 0.014535 0.033160
9 0.204370 0.551404 0.019304 0.031138
2 0.572196 0.574128 0.017761 0.031496
2 0.391120 0.628247 0.054500 0.066918
