2 0.167608 0.894795 0.333597 0.198283
2 0.312406 0.232935 0.156348 0.096533
0 0.484264 0.491664 0.049956 0.163144
0 0.665270 0.548030 0.049814 0.170215
0 0.036726 0.570861 0.046659 0.185145
0 0.304467 0.540692 0.038475 0.174083
0 0.613931 0.393364 0.033043 0.157905
2 0.545915 0.043886 0.060427 0.046920
0 0.968223 0.503840 0.029412 0.162639
9 0.883881 0.390868 0.032544 0.106305
0 0.016008 0.559565 0.023526 0.169905
9 0.119925 0.380959 0.035850 0.118343
9 0.060170 0.393967 0.023298 0.083383
0 0.471524 0.128984 0.021061 0.084491
11 0.438623 0.224507 0.017940 0.045603
0 0.031155 0.476064 0.029937 0.074212
9 0.094650 0.384029 0.023878 0.112815
0 0.786784 0.297118 0.033563 0.135242
0 0.203974 0.057839 0.016718 0.074711
0 0.267354 0.056024 0.013565 0.072969
0 0.307744 0.061204 0.015825 0.072101
0 0.104253 0.053116 0.018594 0.060943
0 0.925714 0.336056 0.030340 0.133273
0 0.221320 0.058004 0.015767 0.069958
0 0.975791 0.281765 0.029420 0.115533
0 0.829154 0.307227 0.036391 0.114977
0 0.029381 0.034333 0.015370 0.060877
0 0.241191 0.051077 0.016427 0.071038
0 0.290547 0.060614 0.017443 0.067134
