0 0.207394 0.715910 0.123429 0.559047
0 0.543008 0.741955 0.128375 0.503458
0 0.395617 0.745120 0.126764 0.500496
0 0.294224 0.751829 0.069665 0.487548
0 0.082282 0.725269 0.083843 0.533484
24 0.202081 0.663586 0.071084 0.243446
0 0.034540 0.714787 0.068734 0.550877
5 0.673120 0.417552 0.139614 0.138204
2 0.712385 0.471294 0.105835 0.096782
0 0.487081 0.734618 0.072359 0.509966
0 0.842936 0.583248 0.099417 0.145819
3 0.108880 0.514649 0.058576 0.080248
7 0.855653 0.653766 0.287403 0.457173
0 0.466986 0.526512 0.053444 0.180975
26 0.407248 0.653205 0.064576 0.153068
24 0.093409 0.625429 0.063450 0.166349
26 0.337426 0.733467 0.042726 0.132254
2 0.936874 0.437604 0.027752 0.020823
0 0.486908 0.643605 0.073409 0.315240
