2 0.795949 0.637972 0.313761 0.157914
0 0.461230 0.625058 0.112405 0.289385
9 0.764883 0.291734 0.024845 0.111656
9 0.136679 0.310927 0.024907 0.076815
0 0.216422 0.583238 0.025143 0.096928
9 0.708226 0.470658 0.017326 0.049232
0 0.626157 0.614217 0.024884 0.114429
0 0.246095 0.591684 0.036105 0.106867
0 0.973124 0.635415 0.020782 0.091130
0 0.907640 0.600464 0.022112 0.050821
9 0.284979 0.457871 0.016766 0.042907
0 0.543733 0.604508 0.026980 0.119535
0 0.587627 0.609394 0.025644 0.117259
0 0.989794 0.632476 0.019966 0.094482
0 0.303429 0.571209 0.025036 0.069554
0 0.264417 0.588839 0.019251 0.109507
2 0.370566 0.599949 0.165209 0.113459
0 0.957638 0.632521 0.019168 0.093379
0 0.662993 0.583124 0.021517 0.045959
0 0.691034 0.572910 0.023494 0.029237
0 0.605184 0.611793 0.020338 0.112181
2 0.130751 0.584302 0.048742 0.057258
0 0.565047 0.608734 0.025490 0.115285
0 0.664694 0.579136 0.026098 0.037025
0 0.030966 0.575993 0.023474 0.114031
0 0.582702 0.609213 0.026178 0.119179
2 0.404502 0.597427 0.229294 0.119240
2 0.161568 0.574563 0.033430 0.059881
0 0.120171 0.913004 0.238065 0.166295
9 0.242974 0.445518 0.017015 0.042341
0 0.518546 0.597862 0.021743 0.128284
0 0.522121 0.603766 0.027544 0.112489
