1 0.324956 0.725095 0.120093 0.119686
0 0.809836 0.760115 0.109553 0.345064
0 0.049549 0.717951 0.098697 0.313085
0 0.895797 0.752011 0.067320 0.355749
0 0.399592 0.721115 0.054767 0.305768
0 0.686095 0.700825 0.068476 0.238288
0 0.331983 0.671541 0.055685 0.222214
0 0.177937 0.680149 0.052420 0.219469
0 0.537486 0.693631 0.059159 0.201366
0 0.963696 0.690892 0.055400 0.199408
1 0.610659 0.748197 0.067783 0.099014
0 0.232587 0.651242 0.049164 0.180696
0 0.084381 0.680647 0.044621 0.245665
0 0.609990 0.707960 0.058211 0.163952
0 0.133259 0.724299 0.034485 0.126722
0 0.466392 0.650955 0.028147 0.148668
0 0.666388 0.678390 0.034850 0.189953
0 0.114631 0.666551 0.033433 0.203058
0 0.762989 0.684862 0.035115 0.191455
