2 0.755808 0.508787 0.083625 0.033332
0 0.551680 0.598377 0.133259 0.218363
3 0.043122 0.557594 0.085049 0.056089
2 0.876803 0.499257 0.067337 0.035195
0 0.685293 0.498665 0.020425 0.036277
0 0.961936 0.491916 0.013883 0.029177
3 0.196306 0.553688 0.099209 0.066520
0 0.631518 0.504140 0.021230 0.036363
26 0.568688 0.566923 0.055132 0.088069
0 0.660263 0.503942 0.020837 0.035833
0 0.651853 0.503558 0.018196 0.038000
26 0.553397 0.566164 0.084376 0.083435
0 0.655891 0.503671 0.019116 0.038257
0 0.710901 0.497011 0.016508 0.028667
2 0.915491 0.484663 0.037534 0.018351
3 0.188007 0.559297 0.079222 0.058367
0 0.593654 0.598954 0.110575 0.189544
26 0.569400 0.584622 0.043712 0.045378
3 0.131324 0.551812 0.063842 0.051066
1 0.479923 0.529154 0.028034 0.035803
1 0.328437 0.541400 0.050047 0.037683
