0 0.149328 0.632686 0.210497 0.344637
0 0.859465 0.574822 0.142220 0.270951
0 0.508259 0.607369 0.165801 0.348815
0 0.663745 0.526740 0.056059 0.112901
2 0.739475 0.485617 0.096127 0.047647
0 0.396080 0.498105 0.032344 0.068089
0 0.335346 0.501521 0.037404 0.067394
2 0.600850 0.497309 0.102743 0.054601
9 0.705480 0.388742 0.048276 0.068315
2 0.220634 0.483700 0.083597 0.041635
0 0.701367 0.498902 0.029755 0.054194
24 0.161085 0.569969 0.116668 0.131344
0 0.979094 0.531255 0.039132 0.115362
2 0.635006 0.496528 0.170142 0.055441
