0 0.265667 0.554399 0.137998 0.316041
0 0.894918 0.590642 0.126217 0.377487
0 0.451255 0.539677 0.121339 0.308223
0 0.092517 0.531977 0.123986 0.292498
2 0.749667 0.550089 0.500666 0.193471
0 0.357054 0.537088 0.089056 0.268581
26 0.111767 0.504937 0.075517 0.140744
0 0.544827 0.471465 0.064060 0.126406
0 0.609843 0.473514 0.047236 0.079662
0 0.024427 0.540784 0.048625 0.240838
16 0.836135 0.625865 0.080122 0.170703
0 0.736082 0.570335 0.161966 0.334145
0 0.658674 0.449223 0.040787 0.071827
0 0.126239 0.414024 0.040543 0.067006
2 0.881671 0.557827 0.236659 0.224540
2 0.668910 0.552967 0.343222 0.200766
0 0.296625 0.456651 0.040811 0.138855
0 0.321346 0.533918 0.040186 0.252543
0 0.300994 0.520459 0.049604 0.265887
