2 0.131580 0.515771 0.081971 0.085375
9 0.027740 0.281679 0.049861 0.190270
0 0.534783 0.545479 0.034497 0.153980
2 0.298243 0.500306 0.054552 0.068487
0 0.013489 0.602330 0.026771 0.249752
2 0.782487 0.524376 0.098721 0.068670
1 0.536609 0.601297 0.026940 0.088373
2 0.986491 0.536325 0.025988 0.074839
3 0.270578 0.524415 0.020182 0.058815
0 0.204304 0.514912 0.024473 0.088423
3 0.204391 0.550737 0.030529 0.057774
9 0.382323 0.439287 0.008441 0.040023
10 0.382432 0.552139 0.011747 0.054482
2 0.355232 0.486242 0.033627 0.051219
0 0.741713 0.500338 0.017062 0.051583
9 0.383047 0.435216 0.008727 0.035148
9 0.832329 0.429053 0.009024 0.041049
