0 0.391011 0.494714 0.068195 0.101496
0 0.318224 0.488025 0.049670 0.097742
0 0.842021 0.488957 0.032504 0.063413
2 0.576207 0.464232 0.042444 0.018819
0 0.350851 0.485910 0.043470 0.102643
0 0.913813 0.481535 0.036630 0.061222
0 0.772592 0.483904 0.026985 0.047325
0 0.180750 0.485444 0.061966 0.066317
0 0.872832 0.491807 0.035673 0.062402
0 0.470290 0.469616 0.023089 0.031232
0 0.960142 0.488050 0.030840 0.054362
2 0.166515 0.480593 0.107448 0.050397
9 0.223008 0.214230 0.045450 0.060451
2 0.142033 0.482489 0.060916 0.052197
7 0.507120 0.456370 0.073089 0.039702
2 0.635238 0.465588 0.048768 0.040990
7 0.635203 0.465754 0.049144 0.039642
0 0.880543 0.489782 0.029821 0.062237
