0 0.715975 0.259212 0.014876 0.050837
2 0.204340 0.382094 0.068862 0.054932
0 0.405241 0.672070 0.018016 0.046679
0 0.606200 0.775047 0.021715 0.059703
0 0.796927 0.881666 0.044764 0.065793
74 0.297088 0.029420 0.058474 0.058579
0 0.696142 0.891417 0.024238 0.064039
0 0.826785 0.388538 0.017879 0.051084
0 0.731960 0.487167 0.016848 0.048029
0 0.260947 0.440248 0.019224 0.047847
0 0.875999 0.291806 0.017483 0.047185
0 0.782185 0.287685 0.025610 0.051932
0 0.377245 0.362435 0.017687 0.055456
0 0.305799 0.327856 0.017330 0.050080
0 0.304025 0.440690 0.015280 0.052680
0 0.829113 0.314463 0.018658 0.050946
0 0.394277 0.964760 0.025569 0.064461
0 0.782289 0.493028 0.019347 0.051068
0 0.426837 0.933017 0.021720 0.063037
0 0.368946 0.533150 0.022687 0.052107
9 0.782828 0.286426 0.023916 0.051291
0 0.238252 0.922369 0.031817 0.082012
0 0.622132 0.570267 0.018842 0.042945
0 0.118928 0.555799 0.022637 0.051280
