2 0.887774 0.914245 0.222419 0.101552
2 0.923685 0.820062 0.149776 0.093594
0 0.487160 0.539699 0.047224 0.049005
0 0.549146 0.562232 0.037442 0.052375
2 0.840266 0.980685 0.310080 0.037771
0 0.881178 0.587103 0.032811 0.050323
0 0.848958 0.477789 0.042772 0.050377
0 0.652954 0.220340 0.035935 0.036968
0 0.570157 0.547836 0.023141 0.044809
0 0.859033 0.598723 0.024182 0.045291
7 0.494421 0.139047 0.112244 0.061362
7 0.075429 0.017639 0.118252 0.035112
2 0.361307 0.034794 0.094218 0.040825
7 0.436530 0.039089 0.085483 0.053187
2 0.074909 0.017715 0.117921 0.035326
0 0.823165 0.121926 0.020071 0.037232
7 0.363024 0.034602 0.095662 0.041533
