0 0.091436 0.656698 0.182527 0.668303
0 0.230908 0.588577 0.101444 0.481253
0 0.334068 0.570138 0.099179 0.466046
0 0.519693 0.598478 0.087926 0.432622
0 0.623911 0.540585 0.081332 0.444882
2 0.845271 0.428833 0.100703 0.065927
0 0.420041 0.570919 0.072674 0.348832
26 0.553158 0.676284 0.041547 0.114073
9 0.611301 0.176888 0.067271 0.209343
0 0.560937 0.536320 0.053385 0.329277
0 0.178600 0.531145 0.067296 0.332437
2 0.651887 0.429542 0.028202 0.056271
24 0.588464 0.457103 0.037708 0.110436
24 0.607141 0.450132 0.075714 0.132856
0 0.147659 0.460238 0.035989 0.122558
9 0.613844 0.179813 0.042522 0.165870
0 0.179595 0.589754 0.076051 0.438365
26 0.380243 0.516555 0.039530 0.150656
0 0.555703 0.429787 0.038198 0.116531
