0 0.516146 0.500832 0.240398 0.292596
2 0.561815 0.222701 0.351894 0.192118
0 0.700919 0.479530 0.210688 0.272760
0 0.282370 0.497358 0.162842 0.305090
2 0.760588 0.366749 0.475906 0.321894
2 0.050719 0.341924 0.101439 0.313008
7 0.322322 0.122086 0.415465 0.243805
26 0.307304 0.472505 0.105818 0.127165
2 0.075593 0.088313 0.151186 0.176535
0 0.866726 0.062801 0.062197 0.096845
2 0.320236 0.120845 0.413332 0.241689
2 0.863157 0.186266 0.269137 0.160095
7 0.075590 0.088899 0.151181 0.177148
26 0.563564 0.501332 0.040630 0.058611
